@relation  wine
@attribute Alcohol real[11.0,14.9]
@attribute MalicAcid real[0.7,5.8]
@attribute Ash real[1.3,3.3]
@attribute AlcalinityOfAsh real[10.6,30.0]
@attribute Magnesium real[70.0,162.0]
@attribute TotalPhenols real[0.9,3.9]
@attribute flavanoids real[0.3,5.1]
@attribute NonflavanoidsPhenols real[0.1,0.7]
@attribute Proanthocyanins real[0.4,3.6]
@attribute ColorIntensity real[1.2,13.0]
@attribute Hue real[0.4,1.8]
@attribute OD280/OD315 real[1.2,4.0]
@attribute Proline real[278.0,1680.0]
@attribute Class{1,2,3}
@inputs Alcohol,MalicAcid,Ash,AlcalinityOfAsh,Magnesium,TotalPhenols,flavanoids,NonflavanoidsPhenols,Proanthocyanins,ColorIntensity,Hue,OD280/OD315,Proline
@outputs Class
@data
14.06, 2.15, 2.61, 17.6, 121.0, 2.6, 2.51, 0.31, 1.25, 5.05, 1.06, 3.58, 1295.0, 1
14.19, 1.59, 2.48, 16.5, 108.0, 3.3, 3.93, 0.32, 1.86, 8.7, 1.23, 2.82, 1680.0, 1
13.41, 3.84, 2.12, 18.8, 90.0, 2.45, 2.68, 0.27, 1.48, 4.28, 0.91, 3.0, 1035.0, 1
13.48, 1.81, 2.41, 20.5, 100.0, 2.7, 2.98, 0.26, 1.86, 5.1, 1.04, 3.47, 920.0, 1
13.07, 1.5, 2.1, 15.5, 98.0, 2.4, 2.64, 0.28, 1.37, 3.7, 1.18, 2.69, 1020.0, 1
13.83, 1.57, 2.62, 20.0, 115.0, 2.95, 3.4, 0.4, 1.72, 6.6, 1.13, 2.57, 1130.0, 1
14.2, 1.76, 2.45, 15.2, 112.0, 3.27, 3.39, 0.34, 1.97, 6.75, 1.05, 2.85, 1450.0, 1
13.74, 1.67, 2.25, 16.4, 118.0, 2.6, 2.9, 0.21, 1.62, 5.85, 0.92, 3.2, 1060.0, 1
13.82, 1.75, 2.42, 14.0, 111.0, 3.88, 3.74, 0.32, 1.87, 7.05, 1.01, 3.26, 1190.0, 1
13.29, 1.97, 2.68, 16.8, 102.0, 3.0, 3.23, 0.31, 1.66, 6.0, 1.07, 2.84, 1270.0, 1
13.5, 1.81, 2.61, 20.0, 96.0, 2.53, 2.61, 0.28, 1.66, 3.52, 1.12, 3.82, 845.0, 1
13.24, 2.59, 2.87, 21.0, 118.0, 2.8, 2.69, 0.39, 1.82, 4.32, 1.04, 2.93, 735.0, 1
11.46, 3.74, 1.82, 19.5, 107.0, 3.18, 2.58, 0.24, 3.58, 2.9, 0.75, 2.81, 562.0, 2
12.08, 1.39, 2.5, 22.5, 84.0, 2.56, 2.29, 0.43, 1.04, 2.9, 0.93, 3.19, 385.0, 2
12.17, 1.45, 2.53, 19.0, 104.0, 1.89, 1.75, 0.45, 1.03, 2.95, 1.45, 2.23, 355.0, 2
11.82, 1.72, 1.88, 19.5, 86.0, 2.5, 1.64, 0.37, 1.42, 2.06, 0.94, 2.44, 415.0, 2
11.64, 2.06, 2.46, 21.6, 84.0, 1.95, 1.69, 0.48, 1.35, 2.8, 1.0, 2.75, 680.0, 2
12.22, 1.29, 1.94, 19.0, 92.0, 2.36, 2.04, 0.39, 2.08, 2.7, 0.86, 3.02, 312.0, 2
11.82, 1.47, 1.99, 20.8, 86.0, 1.98, 1.6, 0.3, 1.53, 1.95, 0.95, 3.33, 495.0, 2
12.67, 0.98, 2.24, 18.0, 99.0, 2.2, 1.94, 0.3, 1.46, 2.62, 1.23, 3.16, 450.0, 2
13.67, 1.25, 1.92, 18.0, 94.0, 2.1, 1.79, 0.32, 0.73, 3.8, 1.23, 2.46, 630.0, 2
13.34, 0.94, 2.36, 17.0, 110.0, 2.53, 1.3, 0.55, 0.42, 3.17, 1.02, 1.93, 750.0, 2
11.66, 1.88, 1.92, 16.0, 97.0, 1.61, 1.57, 0.34, 1.15, 3.8, 1.23, 2.14, 428.0, 2
13.05, 3.86, 2.32, 22.5, 85.0, 1.65, 1.59, 0.61, 1.62, 4.8, 0.84, 2.01, 515.0, 2
12.29, 1.61, 2.21, 20.4, 103.0, 1.1, 1.02, 0.37, 1.46, 3.05, 0.906, 1.82, 870.0, 2
11.76, 2.68, 2.92, 20.0, 103.0, 1.75, 2.03, 0.6, 1.05, 3.8, 1.23, 2.5, 607.0, 2
12.0, 0.92, 2.0, 19.0, 86.0, 2.42, 2.26, 0.3, 1.43, 2.5, 1.38, 3.12, 278.0, 2
13.23, 3.3, 2.28, 18.5, 98.0, 1.8, 0.83, 0.61, 1.87, 10.52, 0.56, 1.51, 675.0, 3
12.45, 3.03, 2.64, 27.0, 97.0, 1.9, 0.58, 0.63, 1.14, 7.5, 0.67, 1.73, 880.0, 3
13.5, 3.12, 2.62, 24.0, 123.0, 1.4, 1.57, 0.22, 1.25, 8.6, 0.59, 1.3, 500.0, 3
12.51, 1.24, 2.25, 17.5, 85.0, 2.0, 0.58, 0.6, 1.25, 5.45, 0.75, 1.51, 650.0, 3
13.45, 3.7, 2.6, 23.0, 111.0, 1.7, 0.92, 0.43, 1.46, 10.68, 0.85, 1.56, 695.0, 3
12.85, 3.27, 2.58, 22.0, 106.0, 1.65, 0.6, 0.6, 0.96, 5.58, 0.87, 2.11, 570.0, 3
13.4, 3.91, 2.48, 23.0, 102.0, 1.8, 0.75, 0.43, 1.41, 7.3, 0.7, 1.56, 750.0, 3
12.7, 3.55, 2.36, 21.5, 106.0, 1.7, 1.2, 0.17, 0.84, 5.0, 0.78, 1.29, 600.0, 3
12.77, 2.39, 2.28, 19.5, 86.0, 1.39, 0.51, 0.48, 0.64, 9.899999, 0.57, 1.63, 470.0, 3
13.88, 5.04, 2.23, 20.0, 80.0, 0.98, 0.34, 0.4, 0.68, 4.9, 0.58, 1.33, 415.0, 3
