@relation  wine
@attribute Alcohol real[11.0,14.9]
@attribute MalicAcid real[0.7,5.8]
@attribute Ash real[1.3,3.3]
@attribute AlcalinityOfAsh real[10.6,30.0]
@attribute Magnesium real[70.0,162.0]
@attribute TotalPhenols real[0.9,3.9]
@attribute flavanoids real[0.3,5.1]
@attribute NonflavanoidsPhenols real[0.1,0.7]
@attribute Proanthocyanins real[0.4,3.6]
@attribute ColorIntensity real[1.2,13.0]
@attribute Hue real[0.4,1.8]
@attribute OD280/OD315 real[1.2,4.0]
@attribute Proline real[278.0,1680.0]
@attribute Class{1,2,3}
@inputs Alcohol,MalicAcid,Ash,AlcalinityOfAsh,Magnesium,TotalPhenols,flavanoids,NonflavanoidsPhenols,Proanthocyanins,ColorIntensity,Hue,OD280/OD315,Proline
@outputs Class
@data
13.72, 1.43, 2.5, 16.7, 108.0, 3.4, 3.67, 0.19, 2.04, 6.8, 0.89, 2.87, 1285.0, 1
13.58, 1.66, 2.36, 19.1, 106.0, 2.86, 3.19, 0.22, 1.95, 6.9, 1.09, 2.88, 1515.0, 1
13.71, 1.86, 2.36, 16.6, 101.0, 2.61, 2.88, 0.27, 1.69, 3.8, 1.11, 4.0, 1035.0, 1
13.05, 1.77, 2.1, 17.0, 107.0, 3.0, 3.0, 0.28, 2.03, 5.04, 0.88, 3.35, 885.0, 1
13.2, 1.78, 2.14, 11.2, 100.0, 2.65, 2.76, 0.26, 1.28, 4.38, 1.05, 3.4, 1050.0, 1
13.05, 1.73, 2.04, 12.4, 92.0, 2.72, 3.27, 0.17, 2.91, 7.2, 1.12, 2.91, 1150.0, 1
13.75, 1.73, 2.41, 16.0, 89.0, 2.6, 2.76, 0.29, 1.81, 5.6, 1.15, 2.9, 1320.0, 1
14.23, 1.71, 2.43, 15.6, 127.0, 2.8, 3.06, 0.28, 2.29, 5.64, 1.04, 3.92, 1065.0, 1
13.39, 1.77, 2.62, 16.1, 93.0, 2.85, 2.94, 0.34, 1.45, 4.8, 0.92, 3.22, 1195.0, 1
14.12, 1.48, 2.32, 16.8, 95.0, 2.2, 2.43, 0.26, 1.57, 5.0, 1.17, 2.82, 1280.0, 1
13.05, 2.05, 3.22, 25.0, 124.0, 2.63, 2.68, 0.47, 1.92, 3.58, 1.13, 3.2, 830.0, 1
12.93, 3.8, 2.65, 18.6, 102.0, 2.41, 2.41, 0.25, 1.98, 4.5, 1.03, 3.52, 770.0, 1
11.65, 1.67, 2.62, 26.0, 88.0, 1.92, 1.61, 0.4, 1.34, 2.6, 1.36, 3.21, 562.0, 2
11.87, 4.31, 2.39, 21.0, 82.0, 2.86, 3.03, 0.21, 2.91, 2.8, 0.75, 3.64, 380.0, 2
12.42, 4.43, 2.73, 26.5, 102.0, 2.2, 2.13, 0.43, 1.71, 2.08, 0.92, 3.12, 365.0, 2
13.86, 1.51, 2.67, 25.0, 86.0, 2.95, 2.86, 0.21, 1.87, 3.38, 1.36, 3.16, 410.0, 2
12.33, 1.1, 2.28, 16.0, 101.0, 2.05, 1.09, 0.63, 0.41, 3.27, 1.25, 1.67, 680.0, 2
12.52, 2.43, 2.17, 21.0, 88.0, 2.55, 2.27, 0.26, 1.22, 2.0, 0.9, 2.78, 325.0, 2
12.69, 1.53, 2.26, 20.7, 80.0, 1.38, 1.46, 0.58, 1.62, 3.05, 0.96, 2.06, 495.0, 2
12.0, 1.51, 2.42, 22.0, 86.0, 1.45, 1.25, 0.5, 1.63, 3.6, 1.05, 2.65, 450.0, 2
11.45, 2.4, 2.42, 20.0, 96.0, 2.9, 2.79, 0.32, 1.83, 3.25, 0.8, 3.39, 625.0, 2
12.21, 1.19, 1.75, 16.8, 151.0, 1.85, 1.28, 0.14, 2.5, 2.85, 1.28, 3.07, 718.0, 2
11.41, 0.74, 2.5, 21.0, 88.0, 2.48, 2.01, 0.42, 1.44, 3.08, 1.1, 2.31, 434.0, 2
12.37, 0.94, 1.36, 10.6, 88.0, 1.98, 0.57, 0.28, 0.42, 1.95, 1.05, 1.82, 520.0, 2
12.47, 1.52, 2.2, 19.0, 162.0, 2.5, 2.27, 0.32, 3.28, 2.6, 1.16, 2.63, 937.0, 2
12.08, 1.83, 2.32, 18.5, 81.0, 1.6, 1.5, 0.52, 1.64, 2.4, 1.08, 2.27, 480.0, 2
13.69, 3.26, 2.54, 20.0, 107.0, 1.83, 0.56, 0.5, 0.8, 5.88, 0.96, 1.82, 680.0, 3
13.17, 2.59, 2.37, 20.0, 120.0, 1.65, 0.68, 0.53, 1.46, 9.3, 0.6, 1.62, 840.0, 3
12.53, 5.51, 2.64, 25.0, 96.0, 1.79, 0.6, 0.63, 1.1, 5.0, 0.82, 1.69, 515.0, 3
14.16, 2.51, 2.48, 20.0, 91.0, 1.68, 0.7, 0.44, 1.24, 9.7, 0.62, 1.71, 660.0, 3
12.25, 4.72, 2.54, 21.0, 89.0, 1.38, 0.47, 0.53, 0.8, 3.85, 0.75, 1.27, 720.0, 3
14.13, 4.1, 2.74, 24.5, 96.0, 2.05, 0.76, 0.56, 1.35, 9.2, 0.61, 1.6, 560.0, 3
13.36, 2.56, 2.35, 20.0, 89.0, 1.4, 0.5, 0.37, 0.64, 5.6, 0.7, 2.47, 780.0, 3
13.78, 2.76, 2.3, 22.0, 90.0, 1.35, 0.68, 0.41, 1.03, 9.58, 0.7, 1.68, 615.0, 3
13.11, 1.9, 2.75, 25.5, 116.0, 2.2, 1.28, 0.26, 1.56, 7.1, 0.61, 1.33, 425.0, 3
13.62, 4.95, 2.35, 20.0, 92.0, 2.0, 0.8, 0.47, 1.02, 4.4, 0.91, 2.05, 550.0, 3
